# relative_time, cycles_done, cur_item, corpus_count, pending_total, pending_favs, map_size, saved_crashes, saved_hangs, max_depth, execs_per_sec, total_execs, edges_found, total_crashes, servers_count
61, 0, 0, 270, 270, 9, 6.64%, 0, 0, 2, 99.71, 8251, 8384, 0, 0
66, 0, 0, 270, 270, 9, 6.64%, 0, 0, 2, 94.98, 8747, 8384, 0, 0
72, 0, 0, 270, 270, 9, 6.64%, 0, 0, 2, 94.52, 9232, 8384, 0, 0
77, 0, 0, 270, 270, 9, 6.64%, 0, 0, 2, 97.10, 9726, 8384, 0, 0
82, 0, 0, 271, 271, 9, 6.64%, 0, 0, 2, 98.85, 10220, 8384, 0, 0
87, 0, 0, 271, 271, 9, 6.64%, 0, 0, 2, 99.24, 10724, 8384, 0, 0
92, 0, 0, 271, 271, 9, 6.64%, 0, 0, 2, 99.73, 11232, 8384, 0, 0
97, 0, 0, 273, 273, 9, 6.64%, 0, 0, 2, 98.34, 11725, 8384, 0, 0
102, 0, 0, 273, 273, 9, 6.64%, 0, 0, 2, 99.24, 12232, 8384, 0, 0
107, 0, 0, 274, 274, 9, 6.64%, 0, 0, 2, 98.93, 12735, 8385, 0, 0
112, 0, 0, 274, 274, 9, 6.64%, 0, 0, 2, 98.11, 13237, 8385, 0, 0
117, 0, 0, 274, 274, 9, 6.64%, 0, 0, 2, 95.87, 13730, 8385, 0, 0
123, 0, 0, 275, 275, 9, 6.64%, 0, 0, 2, 96.03, 14211, 8385, 0, 0
128, 0, 0, 276, 276, 9, 6.64%, 0, 0, 2, 90.42, 14669, 8385, 0, 0
133, 0, 0, 277, 277, 9, 6.64%, 0, 0, 2, 89.36, 15114, 8385, 0, 0
138, 0, 0, 280, 280, 9, 6.64%, 0, 0, 2, 82.18, 15536, 8385, 0, 0
143, 0, 0, 281, 281, 9, 6.64%, 0, 0, 2, 89.24, 15991, 8386, 0, 0
148, 0, 0, 281, 281, 9, 6.64%, 0, 0, 2, 94.41, 16484, 8386, 0, 0
153, 0, 0, 282, 282, 9, 6.64%, 0, 0, 2, 96.35, 16981, 8386, 0, 0
158, 0, 0, 282, 282, 9, 6.64%, 0, 0, 2, 94.50, 17465, 8386, 0, 0
164, 0, 0, 283, 283, 9, 6.64%, 0, 0, 2, 96.68, 17972, 8386, 0, 0
169, 0, 0, 283, 283, 9, 6.64%, 0, 0, 2, 96.06, 18462, 8386, 0, 0
174, 0, 0, 283, 283, 9, 6.64%, 0, 0, 2, 96.73, 18957, 8386, 0, 0
179, 0, 0, 289, 289, 9, 6.64%, 0, 0, 2, 95.21, 19448, 8387, 0, 0
184, 0, 0, 340, 340, 9, 6.66%, 0, 0, 2, 154.27, 20338, 8418, 0, 0
190, 0, 0, 371, 371, 9, 6.72%, 0, 0, 2, 1.91, 20986, 8489, 0, 0
195, 0, 0, 397, 397, 9, 6.74%, 1, 0, 2, 131.97, 21692, 8518, 1, 0
200, 0, 0, 413, 413, 9, 6.78%, 1, 0, 2, 124.32, 22339, 8562, 1, 0
205, 0, 0, 433, 433, 9, 6.80%, 1, 0, 2, 120.97, 22955, 8592, 1, 0
210, 0, 0, 445, 445, 9, 6.80%, 1, 0, 2, 120.42, 23558, 8595, 1, 0
215, 0, 0, 462, 462, 9, 6.81%, 1, 0, 2, 133.62, 24212, 8602, 1, 0
220, 0, 0, 484, 484, 9, 6.81%, 1, 0, 2, 157.19, 25066, 8609, 1, 0
226, 0, 0, 491, 491, 9, 6.82%, 1, 0, 2, 140.74, 25798, 8614, 1, 0
231, 0, 0, 496, 496, 9, 6.82%, 1, 0, 2, 116.71, 26368, 8614, 1, 0
236, 0, 0, 505, 505, 9, 6.82%, 1, 0, 2, 118.62, 26974, 8616, 1, 0
241, 0, 0, 511, 511, 9, 6.82%, 1, 0, 2, 140.47, 27670, 8617, 1, 0
246, 0, 0, 522, 522, 9, 6.82%, 1, 0, 2, 124.76, 28335, 8622, 1, 0
251, 0, 0, 524, 524, 9, 6.83%, 1, 0, 2, 120.26, 28954, 8623, 1, 0
256, 0, 0, 526, 526, 9, 6.83%, 1, 0, 2, 118.23, 29558, 8623, 1, 0
262, 0, 0, 529, 529, 9, 6.83%, 1, 0, 2, 118.37, 30152, 8623, 1, 0
267, 0, 0, 536, 536, 9, 6.83%, 1, 0, 2, 131.87, 30854, 8628, 1, 0
272, 0, 0, 539, 539, 9, 7.12%, 1, 0, 2, 129.20, 31528, 9000, 1, 0
277, 0, 0, 553, 553, 9, 7.13%, 1, 0, 2, 129.90, 32195, 9004, 2, 0
282, 0, 0, 553, 553, 9, 7.13%, 1, 0, 2, 98.40, 32653, 9004, 2, 0
287, 0, 0, 553, 553, 9, 7.13%, 1, 0, 2, 117.47, 33313, 9004, 2, 0
292, 0, 0, 553, 553, 9, 7.13%, 1, 0, 2, 129.29, 33995, 9004, 2, 0
297, 0, 0, 553, 553, 9, 7.13%, 1, 0, 2, 135.45, 34735, 9004, 2, 0
302, 0, 0, 556, 556, 9, 7.13%, 1, 0, 2, 102.87, 35196, 9011, 2, 0
308, 0, 0, 557, 557, 9, 7.13%, 1, 0, 2, 103.76, 35729, 9014, 2, 0
313, 0, 0, 557, 557, 9, 7.13%, 1, 0, 2, 86.84, 36155, 9014, 2, 0
318, 0, 0, 557, 557, 9, 7.13%, 1, 0, 2, 92.19, 36633, 9014, 2, 0
323, 0, 0, 559, 559, 9, 7.13%, 1, 0, 2, 100.73, 37155, 9014, 2, 0
328, 0, 0, 559, 559, 9, 7.13%, 1, 0, 2, 93.77, 37614, 9014, 2, 0
333, 0, 0, 560, 560, 9, 7.14%, 1, 0, 2, 95.08, 38085, 9015, 2, 0
338, 0, 0, 563, 563, 9, 7.14%, 1, 0, 2, 106.48, 38637, 9015, 2, 0
343, 0, 0, 565, 565, 9, 7.14%, 1, 0, 2, 105.73, 39181, 9015, 2, 0
348, 0, 0, 566, 566, 9, 7.14%, 1, 0, 2, 107.57, 39717, 9015, 2, 0
353, 0, 0, 569, 569, 9, 7.14%, 1, 0, 2, 112.35, 40293, 9015, 2, 0
358, 0, 0, 570, 570, 9, 7.14%, 1, 0, 2, 111.78, 40863, 9015, 2, 0
364, 0, 0, 570, 570, 9, 7.14%, 1, 0, 2, 107.91, 41421, 9015, 2, 0
369, 0, 0, 570, 570, 9, 7.14%, 1, 0, 2, 104.46, 41933, 9015, 2, 0
374, 0, 0, 572, 572, 9, 7.14%, 1, 0, 2, 99.07, 42438, 9015, 2, 0
379, 0, 0, 574, 574, 9, 7.14%, 1, 0, 2, 92.01, 42902, 9015, 2, 0
384, 0, 0, 579, 579, 9, 7.16%, 1, 0, 2, 116.94, 43521, 9048, 2, 0
389, 0, 0, 579, 579, 9, 7.16%, 1, 0, 2, 103.91, 44029, 9048, 2, 0
394, 0, 0, 579, 579, 9, 7.16%, 1, 0, 2, 81.96, 44422, 9048, 2, 0
400, 0, 0, 579, 579, 9, 7.16%, 1, 0, 2, 94.73, 44898, 9048, 2, 0
405, 0, 0, 581, 581, 9, 7.16%, 1, 0, 2, 147.88, 45713, 9048, 2, 0
410, 0, 0, 582, 582, 9, 7.16%, 1, 0, 2, 147.65, 46488, 9048, 2, 0
415, 0, 0, 584, 584, 9, 7.16%, 1, 0, 2, 158.16, 47268, 9048, 2, 0
420, 0, 0, 588, 588, 9, 7.16%, 1, 0, 2, 159.61, 48054, 9050, 2, 0
425, 0, 0, 588, 588, 9, 7.16%, 1, 0, 2, 142.11, 48813, 9050, 2, 0
430, 0, 0, 593, 593, 9, 7.16%, 1, 0, 2, 125.43, 49488, 9050, 2, 0
435, 0, 0, 594, 594, 9, 7.16%, 1, 0, 2, 172.78, 50358, 9050, 2, 0
440, 0, 0, 594, 594, 9, 7.16%, 1, 0, 2, 126.80, 51018, 9050, 2, 0
445, 0, 0, 594, 594, 9, 7.16%, 1, 0, 2, 149.75, 51788, 9050, 2, 0
451, 0, 0, 596, 596, 9, 7.16%, 1, 0, 2, 133.96, 52466, 9051, 2, 0
456, 0, 0, 596, 596, 9, 7.16%, 1, 0, 2, 122.82, 53094, 9051, 2, 0
461, 0, 0, 596, 596, 9, 7.16%, 1, 0, 2, 130.61, 53762, 9051, 2, 0
466, 0, 0, 597, 597, 9, 7.16%, 1, 0, 2, 164.74, 54658, 9051, 2, 0
471, 0, 0, 598, 598, 9, 7.16%, 1, 0, 2, 14.80, 55121, 9051, 2, 0
476, 0, 0, 598, 598, 9, 7.16%, 1, 0, 2, 126.01, 55510, 9051, 2, 0
481, 0, 0, 598, 598, 9, 7.16%, 1, 0, 2, 127.58, 56248, 9051, 2, 0
486, 0, 0, 598, 598, 9, 7.16%, 1, 0, 2, 155.56, 57135, 9051, 2, 0
491, 0, 0, 598, 598, 9, 7.16%, 3, 0, 2, 153.79, 57516, 9051, 37, 0
496, 0, 0, 601, 601, 9, 7.16%, 3, 0, 2, 152.85, 58352, 9051, 37, 0
502, 0, 0, 604, 604, 9, 7.16%, 3, 0, 2, 123.43, 58941, 9051, 37, 0
507, 0, 0, 605, 605, 9, 7.16%, 3, 0, 2, 118.71, 59533, 9051, 37, 0
512, 0, 0, 609, 609, 9, 7.20%, 3, 0, 2, 131.32, 60268, 9093, 37, 0
517, 0, 0, 610, 610, 9, 7.20%, 3, 0, 2, 122.69, 60872, 9093, 37, 0
522, 0, 0, 610, 610, 9, 7.20%, 3, 0, 2, 128.07, 61556, 9093, 37, 0
527, 0, 0, 611, 611, 9, 7.20%, 3, 0, 2, 119.40, 62170, 9093, 37, 0
532, 0, 0, 614, 614, 9, 7.20%, 3, 0, 2, 106.05, 62698, 9093, 37, 0
537, 0, 0, 615, 615, 9, 7.20%, 3, 0, 2, 103.55, 63228, 9093, 37, 0
543, 0, 0, 619, 619, 9, 7.20%, 3, 0, 2, 110.70, 63798, 9093, 37, 0
548, 0, 0, 620, 620, 9, 7.20%, 3, 0, 2, 112.36, 64370, 9093, 37, 0
553, 0, 0, 620, 620, 9, 7.20%, 3, 0, 2, 112.20, 64916, 9093, 37, 0
558, 0, 0, 625, 625, 9, 7.20%, 3, 0, 2, 124.91, 65550, 9097, 37, 0
563, 0, 0, 628, 628, 9, 7.20%, 3, 0, 2, 105.15, 66066, 9097, 37, 0
568, 0, 0, 629, 629, 9, 7.20%, 3, 0, 2, 149.07, 66848, 9097, 37, 0
573, 0, 0, 630, 630, 9, 7.20%, 3, 0, 2, 175.73, 67794, 9097, 37, 0
578, 0, 0, 635, 635, 9, 7.20%, 3, 0, 2, 150.87, 68536, 9101, 37, 0
583, 0, 0, 637, 637, 9, 7.21%, 3, 0, 2, 133.07, 69148, 9104, 37, 0
588, 0, 0, 639, 639, 9, 7.21%, 3, 0, 2, 149.50, 69944, 9104, 37, 0
594, 0, 0, 640, 640, 9, 7.21%, 3, 0, 2, 145.62, 70691, 9104, 37, 0
599, 0, 0, 643, 643, 9, 7.21%, 3, 0, 2, 130.02, 71348, 9104, 37, 0
604, 0, 0, 643, 643, 9, 7.21%, 3, 0, 2, 119.39, 71970, 9104, 37, 0
609, 0, 0, 645, 645, 9, 7.21%, 3, 0, 2, 109.69, 72528, 9105, 37, 0
614, 0, 0, 645, 645, 9, 7.21%, 3, 0, 2, 113.04, 73128, 9105, 37, 0
619, 0, 0, 647, 647, 9, 7.21%, 3, 0, 2, 104.86, 73652, 9106, 37, 0
624, 0, 0, 648, 648, 9, 7.21%, 3, 0, 2, 110.06, 74224, 9106, 37, 0
629, 0, 0, 648, 648, 9, 7.21%, 3, 0, 2, 113.54, 74804, 9106, 37, 0
635, 0, 0, 651, 651, 9, 7.21%, 3, 0, 2, 121.54, 75442, 9106, 37, 0
640, 0, 0, 651, 651, 9, 7.21%, 3, 0, 2, 124.29, 76088, 9106, 37, 0
645, 0, 0, 651, 651, 9, 7.21%, 3, 0, 2, 124.13, 76724, 9106, 37, 0
650, 0, 0, 652, 652, 9, 7.21%, 3, 0, 2, 120.98, 77338, 9106, 37, 0
655, 0, 0, 653, 653, 9, 7.21%, 3, 0, 2, 123.46, 78010, 9107, 37, 0
660, 0, 0, 654, 654, 9, 7.21%, 3, 0, 2, 100.95, 78496, 9107, 37, 0
665, 0, 0, 655, 655, 9, 7.21%, 3, 0, 2, 141.08, 79180, 9107, 37, 0
670, 0, 0, 656, 656, 9, 7.21%, 3, 0, 2, 168.48, 80104, 9107, 37, 0
676, 0, 0, 658, 658, 9, 7.21%, 3, 0, 2, 181.30, 81052, 9107, 37, 0
681, 0, 0, 661, 661, 9, 7.21%, 3, 0, 2, 173.53, 81958, 9107, 37, 0
686, 0, 0, 661, 661, 9, 7.21%, 3, 0, 2, 156.61, 82429, 9107, 58, 0
691, 0, 0, 662, 662, 9, 7.21%, 3, 0, 2, 167.15, 83383, 9109, 58, 0
696, 0, 0, 664, 664, 9, 7.21%, 3, 0, 2, 132.12, 84000, 9109, 58, 0
701, 0, 0, 675, 675, 9, 7.21%, 3, 0, 2, 149.67, 84739, 9110, 59, 0
706, 0, 0, 676, 676, 9, 7.21%, 3, 0, 2, 184.27, 85715, 9111, 59, 0
711, 0, 0, 677, 677, 9, 7.21%, 3, 0, 2, 161.55, 86623, 9111, 59, 0
717, 0, 0, 681, 681, 9, 7.21%, 3, 0, 2, 116.21, 87160, 9113, 59, 0
722, 0, 0, 681, 681, 9, 7.21%, 3, 0, 2, 110.45, 87704, 9113, 59, 0
727, 0, 0, 681, 681, 9, 7.21%, 3, 0, 2, 115.97, 88312, 9113, 59, 0
732, 0, 0, 681, 681, 9, 7.21%, 3, 0, 2, 111.90, 88896, 9113, 59, 0
737, 0, 0, 682, 682, 9, 7.21%, 3, 0, 2, 109.82, 89446, 9113, 59, 0
742, 0, 0, 682, 682, 9, 7.21%, 3, 0, 2, 111.99, 90000, 9113, 59, 0
747, 0, 0, 682, 682, 9, 7.21%, 3, 0, 2, 123.60, 90652, 9113, 59, 0
752, 0, 0, 682, 682, 9, 7.21%, 3, 0, 2, 124.61, 91304, 9113, 59, 0
758, 0, 0, 684, 684, 9, 7.21%, 3, 0, 2, 127.87, 91952, 9113, 59, 0
763, 0, 0, 684, 684, 9, 7.21%, 3, 0, 2, 129.64, 92634, 9113, 59, 0
768, 0, 0, 688, 688, 9, 7.21%, 3, 0, 2, 130.45, 93304, 9113, 59, 0
773, 0, 0, 689, 689, 9, 7.21%, 3, 0, 2, 122.61, 93944, 9113, 59, 0
778, 0, 0, 691, 691, 9, 7.21%, 3, 0, 2, 128.37, 94598, 9113, 59, 0
783, 0, 0, 692, 692, 9, 7.21%, 3, 0, 2, 126.02, 95256, 9115, 59, 0
788, 0, 0, 694, 694, 9, 7.22%, 3, 0, 2, 129.98, 95924, 9116, 59, 0
794, 0, 0, 694, 694, 9, 7.22%, 3, 0, 2, 122.92, 96546, 9116, 59, 0
799, 0, 0, 696, 696, 9, 7.22%, 3, 0, 2, 124.00, 97174, 9116, 59, 0
804, 0, 0, 698, 698, 9, 7.22%, 3, 0, 2, 127.44, 97834, 9116, 59, 0
809, 0, 0, 700, 700, 9, 7.22%, 3, 0, 2, 127.81, 98507, 9116, 59, 0
814, 0, 0, 700, 700, 9, 7.22%, 3, 0, 2, 129.46, 99186, 9116, 59, 0
819, 0, 0, 700, 700, 9, 7.22%, 3, 0, 2, 130.83, 99866, 9116, 59, 0
824, 0, 0, 702, 702, 9, 7.22%, 3, 0, 2, 130.16, 100524, 9117, 59, 0
830, 0, 0, 702, 702, 9, 7.22%, 3, 0, 2, 130.67, 101206, 9117, 59, 0
835, 0, 0, 702, 702, 9, 7.22%, 3, 0, 2, 129.34, 101874, 9117, 59, 0
840, 0, 0, 704, 704, 9, 7.22%, 3, 0, 2, 127.77, 102542, 9117, 59, 0
845, 0, 0, 704, 704, 9, 7.22%, 3, 0, 2, 130.01, 103220, 9117, 59, 0
850, 0, 0, 705, 705, 9, 7.22%, 3, 0, 2, 125.90, 103874, 9118, 59, 0
855, 0, 0, 706, 706, 9, 7.22%, 3, 0, 2, 130.36, 104540, 9118, 59, 0
861, 0, 0, 707, 707, 9, 7.22%, 3, 0, 2, 132.32, 105226, 9118, 59, 0
866, 0, 0, 707, 707, 9, 7.22%, 3, 0, 2, 128.61, 105890, 9118, 59, 0
871, 0, 0, 709, 709, 9, 7.22%, 3, 0, 2, 130.00, 106544, 9122, 59, 0
876, 0, 0, 711, 711, 9, 7.22%, 3, 0, 2, 125.81, 107194, 9122, 59, 0
881, 0, 0, 713, 713, 9, 7.22%, 3, 0, 2, 125.96, 107828, 9122, 59, 0
886, 0, 0, 713, 713, 9, 7.22%, 3, 0, 2, 130.54, 108504, 9122, 59, 0
891, 0, 0, 713, 713, 9, 7.22%, 3, 0, 2, 129.62, 109180, 9122, 59, 0
897, 0, 0, 714, 714, 9, 7.22%, 3, 0, 2, 128.38, 109840, 9122, 59, 0
902, 0, 0, 715, 715, 9, 7.22%, 3, 0, 2, 127.68, 110502, 9123, 59, 0
907, 0, 0, 717, 717, 9, 7.22%, 3, 0, 2, 125.80, 111148, 9126, 59, 0
912, 0, 0, 720, 720, 9, 7.22%, 3, 0, 2, 122.51, 111756, 9127, 59, 0
917, 0, 0, 721, 721, 9, 7.22%, 3, 0, 2, 125.89, 112422, 9127, 59, 0
922, 0, 1, 721, 720, 189, 7.22%, 3, 0, 2, 214.57, 113562, 9127, 59, 0
927, 0, 1, 739, 738, 189, 7.23%, 3, 0, 2, 188.00, 114546, 9131, 59, 0
933, 0, 1, 750, 749, 189, 7.23%, 3, 0, 2, 159.75, 115335, 9134, 59, 0
938, 0, 1, 757, 756, 189, 7.23%, 3, 0, 2, 157.64, 116142, 9140, 59, 0
943, 0, 1, 762, 761, 189, 7.23%, 3, 0, 2, 160.44, 116967, 9140, 59, 0
948, 0, 1, 766, 765, 189, 7.24%, 3, 0, 2, 158.11, 117762, 9145, 59, 0
953, 0, 1, 772, 771, 189, 7.25%, 3, 0, 2, 161.65, 118590, 9155, 59, 0
958, 0, 1, 778, 777, 189, 7.25%, 3, 0, 2, 156.60, 119394, 9158, 59, 0
963, 0, 1, 782, 781, 189, 7.25%, 3, 0, 2, 151.07, 120138, 9160, 59, 0
969, 0, 1, 787, 786, 189, 7.25%, 3, 0, 2, 151.56, 120925, 9163, 59, 0
974, 0, 2, 790, 788, 206, 7.25%, 3, 0, 2, 206.23, 121935, 9163, 59, 0
979, 0, 2, 791, 789, 206, 7.25%, 3, 0, 2, 240.17, 123250, 9163, 59, 0
984, 0, 2, 810, 808, 206, 7.26%, 3, 0, 2, 143.73, 123860, 9176, 59, 0
989, 0, 2, 825, 823, 206, 7.31%, 3, 0, 2, 116.45, 124394, 9235, 59, 0
994, 0, 2, 831, 829, 206, 7.31%, 3, 0, 2, 109.45, 124954, 9236, 59, 0
1000, 0, 2, 831, 829, 206, 7.31%, 3, 0, 2, 107.73, 125518, 9236, 59, 0
1005, 0, 2, 831, 829, 206, 7.31%, 3, 0, 2, 106.93, 126068, 9236, 59, 0
1010, 0, 2, 831, 829, 206, 7.31%, 3, 0, 2, 106.01, 126596, 9236, 59, 0
1015, 0, 2, 831, 829, 206, 7.31%, 3, 0, 2, 106.57, 127144, 9236, 59, 0
1020, 0, 2, 831, 829, 206, 7.31%, 3, 0, 2, 105.45, 127686, 9236, 59, 0
1025, 0, 2, 831, 829, 206, 7.31%, 3, 0, 2, 105.77, 128234, 9236, 59, 0
1030, 0, 2, 831, 829, 206, 7.31%, 3, 0, 2, 100.95, 128760, 9236, 59, 0
1036, 0, 2, 831, 829, 206, 7.31%, 3, 0, 2, 101.38, 129288, 9236, 59, 0
1041, 0, 2, 832, 830, 206, 7.31%, 3, 0, 2, 105.59, 129846, 9236, 59, 0
1046, 0, 2, 835, 833, 206, 7.31%, 3, 0, 2, 111.52, 130410, 9237, 59, 0
1051, 0, 2, 841, 839, 206, 7.32%, 3, 0, 2, 132.72, 131114, 9248, 59, 0
1056, 0, 2, 847, 845, 206, 7.32%, 3, 0, 2, 115.11, 131675, 9251, 59, 0
1061, 0, 2, 856, 854, 206, 7.33%, 3, 0, 2, 109.71, 132222, 9255, 59, 0
1066, 0, 2, 861, 859, 206, 7.33%, 3, 0, 2, 113.24, 132796, 9255, 59, 0
1071, 0, 2, 864, 862, 206, 7.33%, 3, 0, 2, 111.12, 133370, 9256, 59, 0
1077, 0, 2, 865, 863, 206, 7.33%, 3, 0, 2, 103.56, 133872, 9256, 59, 0
1082, 0, 2, 866, 864, 206, 7.33%, 3, 0, 2, 107.70, 134416, 9257, 59, 0
1087, 0, 2, 866, 864, 206, 7.33%, 3, 0, 2, 111.75, 134994, 9257, 59, 0
1092, 0, 2, 866, 864, 206, 7.33%, 3, 0, 2, 115.00, 135606, 9257, 59, 0
1097, 0, 2, 866, 864, 206, 7.33%, 3, 0, 2, 108.85, 136146, 9257, 59, 0
1102, 0, 2, 868, 866, 206, 7.33%, 3, 0, 2, 114.55, 136738, 9258, 59, 0
1107, 0, 2, 869, 867, 206, 7.33%, 3, 0, 2, 109.87, 137294, 9260, 59, 0
1112, 0, 2, 871, 869, 206, 7.33%, 3, 0, 2, 118.83, 137906, 9266, 59, 0
1117, 0, 2, 871, 869, 206, 7.33%, 3, 0, 2, 108.81, 138459, 9266, 59, 0
1123, 0, 2, 871, 869, 206, 7.33%, 3, 0, 2, 109.89, 139015, 9266, 59, 0
1128, 0, 2, 872, 870, 206, 7.33%, 3, 0, 2, 119.37, 139609, 9266, 59, 0
1133, 0, 2, 872, 870, 206, 7.33%, 3, 0, 2, 113.41, 140205, 9266, 59, 0
1138, 0, 3, 876, 873, 223, 7.34%, 3, 0, 2, 202.18, 141291, 9267, 59, 0
1143, 0, 3, 887, 884, 223, 7.34%, 3, 0, 2, 211.90, 142432, 9276, 59, 0
1148, 0, 3, 904, 901, 223, 7.34%, 3, 0, 2, 190.89, 143362, 9279, 59, 0
1153, 0, 3, 918, 915, 223, 7.37%, 3, 0, 2, 184.57, 144265, 9307, 59, 0
1158, 0, 3, 927, 924, 223, 7.37%, 3, 0, 2, 191.59, 145243, 9311, 59, 0
1163, 0, 3, 935, 932, 223, 7.37%, 3, 0, 2, 192.80, 146218, 9313, 59, 0
1168, 0, 3, 937, 934, 223, 7.37%, 3, 0, 2, 202.15, 147273, 9313, 59, 0
1173, 0, 3, 942, 939, 223, 7.38%, 3, 0, 2, 202.54, 148277, 9320, 59, 0
1178, 0, 3, 944, 941, 223, 7.38%, 3, 0, 2, 203.41, 149305, 9320, 59, 0
1184, 0, 4, 946, 942, 237, 7.38%, 3, 0, 2, 216.97, 150490, 9320, 59, 0
1189, 0, 4, 956, 952, 237, 7.38%, 3, 0, 2, 149.45, 151158, 9323, 59, 0
1194, 0, 4, 961, 957, 237, 7.38%, 3, 0, 2, 136.84, 151830, 9323, 59, 0
1199, 0, 4, 963, 959, 237, 7.38%, 3, 0, 2, 129.78, 152498, 9323, 59, 0
1204, 0, 4, 971, 967, 237, 7.39%, 3, 0, 2, 125.24, 153124, 9336, 59, 0
1209, 0, 4, 974, 970, 237, 7.39%, 3, 0, 2, 128.44, 153790, 9342, 59, 0
1214, 0, 4, 978, 974, 237, 7.39%, 3, 0, 2, 127.58, 154446, 9342, 59, 0
1220, 0, 4, 980, 976, 237, 7.39%, 3, 0, 2, 129.62, 155112, 9342, 59, 0
1225, 0, 4, 983, 979, 237, 7.40%, 3, 0, 2, 133.13, 155782, 9344, 59, 0
1230, 0, 4, 985, 981, 237, 7.40%, 3, 0, 2, 129.65, 156456, 9345, 59, 0
1235, 0, 4, 986, 982, 237, 7.40%, 3, 0, 2, 133.02, 157148, 9346, 59, 0
1240, 0, 5, 986, 981, 243, 7.40%, 3, 0, 2, 210.99, 158266, 9346, 59, 0
1245, 0, 5, 1000, 995, 243, 7.40%, 3, 0, 2, 149.85, 158959, 9347, 59, 0
1250, 0, 5, 1015, 1010, 243, 7.40%, 3, 0, 2, 114.23, 159422, 9347, 59, 0
1256, 0, 5, 1025, 1020, 243, 7.40%, 3, 0, 2, 103.46, 159898, 9347, 59, 0
1261, 0, 5, 1035, 1030, 243, 7.40%, 3, 0, 2, 102.96, 160414, 9349, 59, 0
1266, 0, 5, 1041, 1036, 243, 7.40%, 3, 0, 2, 100.92, 160887, 9351, 59, 0
1271, 0, 5, 1047, 1042, 243, 7.40%, 3, 0, 2, 96.32, 161370, 9351, 59, 0
1276, 0, 5, 1055, 1050, 243, 7.40%, 3, 0, 2, 92.17, 161771, 9351, 59, 0
1282, 0, 5, 1058, 1053, 243, 7.40%, 3, 0, 2, 98.31, 162256, 9351, 59, 0
1287, 0, 5, 1062, 1057, 243, 7.40%, 3, 0, 2, 105.67, 162750, 9351, 59, 0
1292, 0, 5, 1065, 1060, 243, 7.40%, 3, 0, 2, 103.01, 163254, 9352, 59, 0
1297, 0, 5, 1070, 1065, 243, 7.40%, 3, 0, 2, 111.52, 163787, 9353, 59, 0
1302, 0, 5, 1073, 1068, 243, 7.40%, 3, 0, 2, 112.57, 164375, 9353, 59, 0
1307, 0, 5, 1075, 1070, 243, 7.40%, 3, 0, 2, 121.73, 164995, 9355, 59, 0
1312, 0, 5, 1077, 1072, 243, 7.40%, 3, 0, 2, 120.71, 165615, 9355, 59, 0
1318, 0, 5, 1077, 1072, 243, 7.40%, 3, 0, 2, 122.18, 166219, 9355, 59, 0
1323, 0, 6, 1084, 1078, 245, 7.41%, 3, 0, 2, 185.55, 167304, 9358, 59, 0
1328, 0, 6, 1096, 1090, 245, 7.41%, 3, 0, 2, 180.63, 168222, 9359, 59, 0
1333, 0, 6, 1098, 1092, 245, 7.41%, 3, 0, 2, 171.60, 169086, 9362, 59, 0
1338, 0, 6, 1102, 1096, 245, 7.42%, 3, 0, 2, 174.76, 169970, 9372, 59, 0
1343, 0, 6, 1105, 1099, 245, 7.42%, 3, 0, 2, 172.87, 170874, 9374, 59, 0
1348, 0, 6, 1108, 1102, 245, 7.42%, 3, 0, 2, 176.53, 171783, 9376, 59, 0
1353, 0, 6, 1111, 1105, 245, 7.42%, 3, 0, 2, 174.68, 172659, 9377, 59, 0
1358, 0, 6, 1112, 1106, 245, 7.42%, 3, 0, 2, 175.24, 173544, 9378, 59, 0
1364, 0, 7, 1112, 1105, 247, 7.42%, 3, 0, 2, 217.65, 174717, 9378, 59, 0
1369, 0, 7, 1120, 1113, 247, 7.42%, 3, 0, 2, 31.16, 175475, 9380, 59, 0
1374, 0, 7, 1123, 1116, 247, 7.42%, 3, 0, 2, 29.96, 175627, 9380, 59, 0
1379, 0, 7, 1127, 1120, 247, 7.42%, 3, 0, 2, 29.85, 175781, 9380, 59, 0
1384, 0, 7, 1128, 1121, 247, 7.42%, 3, 0, 2, 29.90, 175938, 9380, 59, 0
1389, 0, 7, 1129, 1122, 247, 7.42%, 3, 0, 2, 30.53, 176093, 9380, 59, 0
1394, 0, 7, 1129, 1122, 247, 7.42%, 3, 0, 2, 29.15, 176242, 9380, 59, 0
1399, 0, 7, 1130, 1123, 247, 7.42%, 3, 0, 2, 30.96, 176403, 9380, 59, 0
1404, 0, 7, 1130, 1123, 247, 7.42%, 3, 0, 2, 29.78, 176557, 9380, 59, 0
1410, 0, 7, 1131, 1124, 247, 7.42%, 3, 0, 2, 30.13, 176715, 9380, 59, 0
1415, 0, 7, 1131, 1124, 247, 7.42%, 3, 0, 2, 29.68, 176864, 9380, 59, 0
1420, 0, 7, 1132, 1125, 247, 7.42%, 3, 0, 2, 28.33, 177012, 9380, 59, 0
1425, 0, 7, 1133, 1126, 247, 7.42%, 3, 0, 2, 29.50, 177163, 9380, 59, 0
1430, 0, 7, 1133, 1126, 247, 7.42%, 3, 0, 2, 29.83, 177318, 9380, 59, 0
1435, 0, 7, 1134, 1127, 247, 7.42%, 3, 0, 2, 30.18, 177472, 9380, 59, 0
1440, 0, 7, 1134, 1127, 247, 7.42%, 3, 0, 2, 29.54, 177619, 9380, 59, 0
1445, 0, 7, 1135, 1128, 247, 7.42%, 3, 0, 2, 29.99, 177774, 9380, 59, 0
1450, 0, 7, 1135, 1128, 247, 7.42%, 3, 0, 2, 28.31, 177921, 9380, 59, 0
1455, 0, 7, 1136, 1129, 247, 7.42%, 3, 0, 2, 29.05, 178072, 9380, 59, 0
1460, 0, 7, 1136, 1129, 247, 7.42%, 3, 0, 2, 29.21, 178223, 9380, 59, 0
1466, 0, 7, 1137, 1130, 247, 7.42%, 3, 0, 2, 29.45, 178377, 9380, 59, 0
1471, 0, 7, 1138, 1131, 247, 7.42%, 3, 0, 2, 30.27, 178534, 9380, 59, 0
1476, 0, 7, 1138, 1131, 247, 7.42%, 3, 0, 2, 29.23, 178681, 9380, 59, 0
1481, 0, 7, 1139, 1132, 247, 7.42%, 3, 0, 2, 29.57, 178832, 9380, 59, 0
1486, 0, 7, 1139, 1132, 247, 7.42%, 3, 0, 2, 29.20, 178981, 9380, 59, 0
1491, 0, 7, 1141, 1134, 247, 7.42%, 3, 0, 2, 29.23, 179132, 9380, 59, 0
1496, 0, 7, 1141, 1134, 247, 7.42%, 3, 0, 2, 29.00, 179279, 9380, 59, 0
1501, 0, 7, 1142, 1135, 247, 7.42%, 3, 0, 2, 29.05, 179426, 9380, 59, 0
1506, 0, 7, 1142, 1135, 247, 7.42%, 3, 0, 2, 28.67, 179574, 9380, 59, 0
1511, 0, 7, 1143, 1136, 247, 7.42%, 3, 0, 2, 28.35, 179721, 9380, 59, 0
1516, 0, 7, 1144, 1137, 247, 7.42%, 3, 0, 2, 29.17, 179875, 9380, 59, 0
1522, 0, 7, 1144, 1137, 247, 7.42%, 3, 0, 2, 28.91, 180022, 9380, 59, 0
1527, 0, 7, 1145, 1138, 247, 7.42%, 3, 0, 2, 29.04, 180174, 9380, 59, 0
1532, 0, 7, 1146, 1139, 247, 7.42%, 3, 0, 2, 29.01, 180326, 9380, 59, 0
1537, 0, 7, 1148, 1141, 247, 7.42%, 3, 0, 2, 29.26, 180477, 9380, 59, 0
1542, 0, 7, 1148, 1141, 247, 7.42%, 3, 0, 2, 29.20, 180623, 9380, 59, 0
1547, 0, 7, 1149, 1142, 247, 7.42%, 3, 0, 2, 29.32, 180775, 9380, 59, 0
1552, 0, 7, 1149, 1142, 247, 7.42%, 3, 0, 2, 29.21, 180924, 9380, 59, 0
1557, 0, 7, 1149, 1142, 247, 7.42%, 3, 0, 2, 28.96, 181075, 9380, 59, 0
1563, 0, 7, 1150, 1143, 247, 7.42%, 3, 0, 2, 28.71, 181225, 9380, 59, 0
1568, 0, 7, 1150, 1143, 247, 7.42%, 3, 0, 2, 28.34, 181370, 9380, 59, 0
1573, 0, 7, 1151, 1144, 247, 7.42%, 3, 0, 2, 28.56, 181527, 9380, 59, 0
1579, 0, 7, 1151, 1144, 247, 7.42%, 3, 0, 2, 28.97, 181677, 9380, 59, 0
1584, 0, 7, 1154, 1147, 247, 7.42%, 3, 0, 2, 35.06, 181866, 9380, 59, 0
1589, 0, 7, 1154, 1147, 247, 7.42%, 3, 0, 2, 29.66, 182014, 9380, 59, 0
1594, 0, 7, 1154, 1147, 247, 7.42%, 3, 0, 2, 29.64, 182163, 9380, 59, 0
1599, 0, 7, 1156, 1149, 247, 7.42%, 3, 0, 2, 29.54, 182314, 9380, 59, 0
1604, 0, 7, 1156, 1149, 247, 7.42%, 3, 0, 2, 29.03, 182459, 9380, 59, 0
1609, 0, 7, 1158, 1151, 247, 7.42%, 3, 0, 2, 36.04, 182639, 9380, 59, 0
1614, 0, 7, 1165, 1158, 247, 7.44%, 3, 0, 2, 56.24, 183020, 9399, 59, 0
1619, 0, 7, 1168, 1161, 247, 7.44%, 3, 0, 2, 69.54, 183410, 9399, 59, 0
1624, 0, 7, 1179, 1172, 247, 7.44%, 3, 0, 2, 84.30, 183866, 9402, 59, 0
1629, 0, 7, 1185, 1178, 247, 7.45%, 3, 0, 2, 79.38, 184290, 9407, 59, 0
1634, 0, 7, 1189, 1182, 247, 7.45%, 3, 0, 2, 53.68, 184532, 9408, 59, 0
1640, 0, 7, 1189, 1182, 247, 7.45%, 3, 0, 2, 35.03, 184691, 9408, 59, 0
1645, 0, 7, 1190, 1183, 247, 7.45%, 3, 0, 2, 30.33, 184840, 9408, 59, 0
1650, 0, 7, 1191, 1184, 247, 7.45%, 3, 0, 2, 30.09, 184999, 9409, 59, 0
1655, 0, 7, 1191, 1184, 247, 7.45%, 3, 0, 2, 29.31, 185147, 9409, 59, 0
1660, 0, 7, 1191, 1184, 247, 7.45%, 3, 0, 2, 28.94, 185293, 9409, 59, 0
1665, 0, 7, 1191, 1184, 247, 7.45%, 3, 0, 2, 29.19, 185442, 9409, 59, 0
1670, 0, 7, 1191, 1184, 247, 7.45%, 3, 0, 2, 29.18, 185590, 9409, 59, 0
1675, 0, 7, 1191, 1184, 247, 7.45%, 3, 0, 2, 28.75, 185739, 9409, 59, 0
1681, 0, 7, 1191, 1184, 247, 7.45%, 3, 0, 2, 28.85, 185886, 9409, 59, 0
1686, 0, 7, 1191, 1184, 247, 7.45%, 3, 0, 2, 29.40, 186034, 9409, 59, 0
1691, 0, 7, 1191, 1184, 247, 7.45%, 3, 0, 2, 28.39, 186179, 9409, 59, 0
1696, 0, 7, 1191, 1184, 247, 7.45%, 3, 0, 2, 29.04, 186329, 9409, 59, 0
1701, 0, 7, 1191, 1184, 247, 7.45%, 3, 0, 2, 28.55, 186476, 9409, 59, 0
1706, 0, 7, 1191, 1184, 247, 7.45%, 3, 0, 2, 27.14, 186612, 9409, 59, 0
1711, 0, 7, 1191, 1184, 247, 7.45%, 3, 0, 2, 25.85, 186741, 9409, 59, 0
1716, 0, 7, 1191, 1184, 247, 7.45%, 3, 0, 2, 26.01, 186869, 9409, 59, 0
1721, 0, 7, 1191, 1184, 247, 7.45%, 3, 0, 2, 24.01, 186992, 9409, 59, 0
1726, 0, 7, 1191, 1184, 247, 7.45%, 3, 0, 2, 26.46, 187126, 9409, 59, 0
1731, 0, 7, 1191, 1184, 247, 7.45%, 3, 0, 2, 27.26, 187264, 9409, 59, 0
1736, 0, 7, 1191, 1184, 247, 7.45%, 3, 0, 2, 27.43, 187405, 9409, 59, 0
1742, 0, 7, 1191, 1184, 247, 7.45%, 3, 0, 2, 27.09, 187544, 9409, 59, 0
1747, 0, 7, 1191, 1184, 247, 7.45%, 3, 0, 2, 27.29, 187685, 9409, 59, 0
1752, 0, 7, 1191, 1184, 247, 7.45%, 3, 0, 2, 26.05, 187815, 9409, 59, 0
1757, 0, 7, 1191, 1184, 247, 7.45%, 3, 0, 2, 28.16, 187962, 9409, 59, 0
1762, 0, 7, 1191, 1184, 247, 7.45%, 3, 0, 2, 28.48, 188110, 9409, 59, 0
1767, 0, 7, 1191, 1184, 247, 7.45%, 3, 0, 2, 29.17, 188261, 9409, 59, 0
1772, 0, 7, 1191, 1184, 247, 7.45%, 3, 0, 2, 28.96, 188411, 9409, 59, 0
1777, 0, 7, 1191, 1184, 247, 7.45%, 3, 0, 2, 29.09, 188559, 9409, 59, 0
1782, 0, 7, 1191, 1184, 247, 7.45%, 3, 0, 2, 29.17, 188709, 9409, 59, 0
1788, 0, 7, 1191, 1184, 247, 7.45%, 3, 0, 2, 28.76, 188859, 9409, 59, 0
1793, 0, 7, 1191, 1184, 247, 7.45%, 3, 0, 2, 28.98, 189010, 9409, 59, 0
1798, 0, 7, 1191, 1184, 247, 7.45%, 3, 0, 2, 29.34, 189160, 9409, 59, 0
1803, 0, 7, 1191, 1184, 247, 7.45%, 3, 0, 2, 28.86, 189307, 9409, 59, 0
1808, 0, 7, 1191, 1184, 247, 7.45%, 3, 0, 2, 29.07, 189457, 9409, 59, 0
1813, 0, 7, 1191, 1184, 247, 7.45%, 3, 0, 2, 28.21, 189599, 9409, 59, 0
1818, 0, 7, 1191, 1184, 247, 7.45%, 3, 0, 2, 29.40, 189751, 9409, 59, 0
1823, 0, 7, 1191, 1184, 247, 7.45%, 3, 0, 2, 29.02, 189897, 9409, 59, 0
1829, 0, 7, 1191, 1184, 247, 7.45%, 3, 0, 2, 29.13, 190048, 9409, 59, 0
1834, 0, 7, 1191, 1184, 247, 7.45%, 3, 0, 2, 29.07, 190198, 9409, 59, 0
1839, 0, 7, 1191, 1184, 247, 7.45%, 3, 0, 2, 29.04, 190345, 9409, 59, 0
1844, 0, 7, 1191, 1184, 247, 7.45%, 3, 0, 2, 28.80, 190495, 9409, 59, 0
1849, 0, 7, 1191, 1184, 247, 7.45%, 3, 0, 2, 29.39, 190644, 9409, 59, 0
1854, 0, 7, 1191, 1184, 247, 7.45%, 3, 0, 2, 28.59, 190787, 9409, 59, 0
1859, 0, 7, 1191, 1184, 247, 7.45%, 3, 0, 2, 29.17, 190935, 9409, 59, 0
1864, 0, 7, 1191, 1184, 247, 7.45%, 3, 0, 2, 28.20, 191082, 9409, 59, 0
1869, 0, 7, 1191, 1184, 247, 7.45%, 3, 0, 2, 25.97, 191210, 9409, 59, 0
1875, 0, 7, 1191, 1184, 247, 7.45%, 3, 0, 2, 27.88, 191354, 9409, 59, 0
1878, 0, 7, 1191, 1184, 247, 7.45%, 3, 0, 2, 0.00, 191452, 9409, 59, 0
